world: e6495bc2-b68c-46d4-bc57-f3ea503e4709
world-name: world
x: 885.4659825565262
y: 67.0
z: 1363.5618610666947
yaw: -178.49908447265625
pitch: 2.0999958515167236
name: spawn
lastowner: 98fbc21e-3a53-331b-99fc-6748a611c19c
